Aa 100 10.0 10.0 10.0 10.0 10.0
Aa 200  9.0  9.0  9.0  9.0  9.0
Bb    300  8.0  8.0  8.0  8.0  8.0
Cc    400  7.0  7.0  7.0  7.0  7.0
Dd    500  6.0  6.0  6.0  6.0  6.0
Ff    600  5.0  5.0  5.0  5.0  5.0
Aa    700 10.0 10.0 10.0 10.0 10.0
Aa    800  9.0  9.0  9.0  9.0  9.0
Bb    900  8.0  8.0  8.0  8.0  8.0
Cc   1100  7.0  7.0  7.0  7.0  7.0
Dd   1200  6.0  6.0  6.0  6.0  6.0
Ff   1300  5.0  5.0  5.0  5.0  5.0
Aa   1400 10.0 10.0 10.0 10.0 10.0
Aa   1500  9.0  9.0  9.0  9.0  9.0
Bb   1600  8.0  8.0  8.0  8.0  8.0
Cc   1700  7.0  7.0  7.0  7.0  7.0
Dd   1800  6.0  6.0  6.0  6.0  6.0
Ff   1900  5.0  5.0  5.0  5.0  5.0
Aa   2000 10.0 10.0 10.0 10.0 10.0
Aa   2100  9.0  9.0  9.0  9.0  9.0
Bb   2200  8.0  8.0  8.0  8.0  8.0
Cc   2300  7.0  7.0  7.0  7.0  7.0
Dd   2400  6.0  6.0  6.0  6.0  6.0
Ff   2500  5.0  5.0  5.0  5.0  5.0
STOP  -1  -1.0 -1.0 -1.0 -1.0 -1.0